,Id,SalePrice
0,1461,127073.0
1,1462,154528.5
2,1463,188028.24
3,1464,192904.49
4,1465,203957.11
5,1466,185847.0
6,1467,177163.3
7,1468,175589.81
8,1469,176854.72
9,1470,124263.5
10,1471,193226.46
11,1472,89414.0
12,1473,102291.83
13,1474,148485.84
14,1475,113842.5
15,1476,364904.53
16,1477,243411.48
17,1478,299153.38
18,1479,273536.48
19,1480,448242.21
20,1481,308175.49
21,1482,202876.23
22,1483,186673.96
23,1484,163858.14
24,1485,172151.5
25,1486,203155.97
26,1487,337033.74
27,1488,225877.86
28,1489,204417.21
29,1490,224847.58
30,1491,192452.21
31,1492,104653.56
32,1493,162578.84
33,1494,297085.53
34,1495,291557.53
35,1496,244489.85
36,1497,191656.45
37,1498,157745.74
38,1499,155556.82
39,1500,162010.29
40,1501,170456.38
41,1502,154028.07
42,1503,284064.66
43,1504,226738.33
44,1505,221711.38
45,1506,199098.5
46,1507,260711.22
47,1508,200231.06
48,1509,170401.64
49,1510,152236.5
50,1511,153371.5
51,1512,167411.34
52,1513,139270.38
53,1514,153516.0
54,1515,232197.22
55,1516,158643.34
56,1517,151019.5
57,1518,131869.54
58,1519,207242.78
59,1520,139202.5
60,1521,147875.0
61,1522,159343.84
62,1523,112567.54
63,1524,124132.75
64,1525,124959.24
65,1526,124694.25
66,1527,109464.0
67,1528,125820.5
68,1529,144865.75
69,1530,161123.5
70,1531,134593.68
71,1532,105321.75
72,1533,144941.75
73,1534,113569.5
74,1535,157994.5
75,1536,120232.25
76,1537,88458.5
77,1538,148742.38
78,1539,211738.07
79,1540,125469.0
80,1541,146220.18
81,1542,142197.36
82,1543,167646.73
83,1544,81728.0
84,1545,110091.5
85,1546,122278.0
86,1547,131274.34
87,1548,128657.5
88,1549,116711.0
89,1550,140130.6
90,1551,117340.0
91,1552,154658.29
92,1553,151991.0
93,1554,109405.24
94,1555,185404.59
95,1556,114344.26
96,1557,133405.0
97,1558,84094.04
98,1559,134974.68
99,1560,142130.34
100,1561,153881.2
101,1562,126734.33
102,1563,123348.33
103,1564,167409.37
104,1565,161308.0
105,1566,229016.02
106,1567,85496.0
107,1568,241732.78
108,1569,164751.5
109,1570,134340.5
110,1571,130074.84
111,1572,145161.5
112,1573,212861.16
113,1574,131339.5
114,1575,216315.58
115,1576,257481.33
116,1577,200552.1
117,1578,159222.56
118,1579,145555.5
119,1580,186406.65
120,1581,150677.35
121,1582,133773.5
122,1583,317762.68
123,1584,237101.57
124,1585,139440.0
125,1586,76938.0
126,1587,107277.0
127,1588,154632.25
128,1589,104789.08
129,1590,135256.5
130,1591,104783.0
131,1592,127191.79
132,1593,112498.5
133,1594,153593.6
134,1595,132466.0
135,1596,236567.09
136,1597,191485.93
137,1598,189346.35
138,1599,156998.76
139,1600,169085.82
140,1601,91904.5
141,1602,120321.0
142,1603,100596.65
143,1604,283165.9
144,1605,239692.42
145,1606,167053.5
146,1607,158122.05
147,1608,230186.2
148,1609,197538.0
149,1610,168343.48
150,1611,155203.0
151,1612,174198.48
152,1613,167693.25
153,1614,123141.1
154,1615,93916.25
155,1616,90769.5
156,1617,92610.75
157,1618,125959.0
158,1619,131571.5
159,1620,160173.0
160,1621,133306.96
161,1622,148897.68
162,1623,246253.92
163,1624,225252.72
164,1625,123648.16
165,1626,162270.0
166,1627,190357.9
167,1628,270993.06
168,1629,179433.02
169,1630,349939.69
170,1631,197503.0
171,1632,240106.91
172,1633,169958.67
173,1634,193292.4
174,1635,185431.58
175,1636,165948.0
176,1637,201863.92
177,1638,202320.03
178,1639,185243.0
179,1640,246318.04
180,1641,197611.1
181,1642,227898.7
182,1643,225678.85
183,1644,225598.12
184,1645,198715.6
185,1646,152216.52
186,1647,161005.97
187,1648,147265.75
188,1649,139443.0
189,1650,119926.83
190,1651,119023.5
191,1652,92466.0
192,1653,95731.0
193,1654,153583.0
194,1655,140022.3
195,1656,150845.52
196,1657,150948.0
197,1658,159710.35
198,1659,123643.5
199,1660,153554.9
200,1661,427239.76
201,1662,372090.56
202,1663,376200.99
203,1664,432542.18
204,1665,311719.26
205,1666,326654.68
206,1667,363549.0
207,1668,316609.75
208,1669,291923.38
209,1670,325452.96
210,1671,280329.91
211,1672,451485.24
212,1673,305023.24
213,1674,247250.39
214,1675,200977.52
215,1676,206667.75
216,1677,222521.39
217,1678,436028.73
218,1679,395432.49
219,1680,307614.8
220,1681,245754.8
221,1682,309068.43
222,1683,189229.14
223,1684,173326.25
224,1685,176007.86
225,1686,173139.24
226,1687,169617.65
227,1688,191240.61
228,1689,189902.92
229,1690,184193.0
230,1691,176037.42
231,1692,263582.75
232,1693,167930.67
233,1694,184116.5
234,1695,165925.08
235,1696,285439.52
236,1697,166356.68
237,1698,350695.86
238,1699,330982.06
239,1700,248604.5
240,1701,259749.02
241,1702,251056.25
242,1703,253082.12
243,1704,288999.81
244,1705,221938.22
245,1706,440447.35
246,1707,225264.7
247,1708,221132.36
248,1709,250215.23
249,1710,211683.94
250,1711,274210.55
251,1712,250023.87
252,1713,290148.25
253,1714,219369.2
254,1715,203866.55
255,1716,182000.47
256,1717,158405.73
257,1718,146621.5
258,1719,207430.18
259,1720,249556.8
260,1721,154479.5
261,1722,134484.5
262,1723,155433.82
263,1724,203431.06
264,1725,233893.35
265,1726,200018.5
266,1727,187571.13
267,1728,176793.6
268,1729,160695.09
269,1730,159782.87
270,1731,127211.5
271,1732,131589.53
272,1733,124081.32
273,1734,129275.33
274,1735,136631.5
275,1736,117893.75
276,1737,348023.53
277,1738,217235.15
278,1739,331284.61
279,1740,242564.48
280,1741,210099.83
281,1742,168782.85
282,1743,169107.33
283,1744,310790.45
284,1745,224554.52
285,1746,261995.31
286,1747,206548.56
287,1748,251477.38
288,1749,164630.77
289,1750,154238.97
290,1751,235543.58
291,1752,123522.5
292,1753,144365.5
293,1754,200970.0
294,1755,170026.85
295,1756,121606.16
296,1757,115638.16
297,1758,158677.5
298,1759,165633.05
299,1760,158549.5
300,1761,155974.37
301,1762,175107.0
302,1763,167555.5
303,1764,118895.33
304,1765,204190.7
305,1766,163902.5
306,1767,187198.86
307,1768,144592.5
308,1769,157074.0
309,1770,141994.75
310,1771,138008.75
311,1772,138257.34
312,1773,137931.75
313,1774,136931.55
314,1775,133398.5
315,1776,126813.0
316,1777,114657.5
317,1778,143780.5
318,1779,113793.0
319,1780,160039.52
320,1781,130421.0
321,1782,105792.0
322,1783,128040.5
323,1784,119601.5
324,1785,119838.5
325,1786,150948.22
326,1787,157207.99
327,1788,67299.04
328,1789,92948.04
329,1790,102134.5
330,1791,175566.76
331,1792,153086.5
332,1793,136226.33
333,1794,141701.1
334,1795,138382.5
335,1796,124654.0
336,1797,109133.32
337,1798,124086.5
338,1799,114768.16
339,1800,128607.5
340,1801,128055.26
341,1802,143178.04
342,1803,146444.0
343,1804,139935.9
344,1805,132132.0
345,1806,110743.5
346,1807,138142.5
347,1808,114246.0
348,1809,137671.12
349,1810,148469.34
350,1811,112414.0
351,1812,112478.88
352,1813,119214.5
353,1814,101995.0
354,1815,72215.0
355,1816,112919.0
356,1817,154408.14
357,1818,134546.0
358,1819,115357.33
359,1820,92133.5
360,1821,124952.38
361,1822,169442.3
362,1823,70424.04
363,1824,121925.79
364,1825,141800.68
365,1826,106561.33
366,1827,111368.5
367,1828,133431.68
368,1829,122760.0
369,1830,138367.34
370,1831,142824.34
371,1832,119257.0
372,1833,136463.5
373,1834,125899.32
374,1835,132702.84
375,1836,132872.29
376,1837,102246.5
377,1838,127099.33
378,1839,95892.04
379,1840,164253.5
380,1841,153568.0
381,1842,98893.12
382,1843,143893.0
383,1844,133365.8
384,1845,144269.34
385,1846,152670.0
386,1847,194116.65
387,1848,66708.0
388,1849,108755.5
389,1850,130881.0
390,1851,154184.34
391,1852,126295.5
392,1853,143765.4
393,1854,154173.42
394,1855,170556.15
395,1856,218582.74
396,1857,197939.36
397,1858,154189.07
398,1859,133650.87
399,1860,160375.4
400,1861,133650.87
401,1862,291712.22
402,1863,287812.48
403,1864,287812.48
404,1865,329853.79
405,1866,323664.96
406,1867,238458.64
407,1868,312590.5
408,1869,197568.9
409,1870,238677.98
410,1871,261203.4
411,1872,174803.5
412,1873,229248.94
413,1874,140707.32
414,1875,196564.9
415,1876,196232.5
416,1877,212106.93
417,1878,206316.22
418,1879,136772.0
419,1880,138836.6
420,1881,256220.33
421,1882,250704.36
422,1883,199631.6
423,1884,214512.03
424,1885,236399.31
425,1886,299759.46
426,1887,203824.71
427,1888,283275.53
428,1889,166042.12
429,1890,139976.1
430,1891,140562.25
431,1892,111208.16
432,1893,138923.0
433,1894,125652.04
434,1895,153327.84
435,1896,121733.33
436,1897,118619.33
437,1898,109825.54
438,1899,153777.77
439,1900,126855.79
440,1901,186016.77
441,1902,161439.9
442,1903,228833.57
443,1904,132771.5
444,1905,191187.3
445,1906,179694.37
446,1907,217333.55
447,1908,115382.92
448,1909,133215.25
449,1910,126931.06
450,1911,191650.5
451,1912,278358.57
452,1913,148938.02
453,1914,76080.5
454,1915,330802.32
455,1916,81999.08
456,1917,241596.23
457,1918,136617.6
458,1919,155187.25
459,1920,153145.23
460,1921,407198.22
461,1922,318951.21
462,1923,209814.59
463,1924,214708.86
464,1925,229892.66
465,1926,382570.0
466,1927,137411.75
467,1928,148033.37
468,1929,125523.66
469,1930,134828.0
470,1931,138495.6
471,1932,138621.8
472,1933,194225.95
473,1934,179795.82
474,1935,176092.54
475,1936,194305.65
476,1937,181260.0
477,1938,183570.55
478,1939,243384.58
479,1940,203038.76
480,1941,173490.85
481,1942,200931.93
482,1943,208094.71
483,1944,329968.66
484,1945,362961.59
485,1946,180267.92
486,1947,302077.42
487,1948,177454.55
488,1949,245214.22
489,1950,182896.34
490,1951,271770.21
491,1952,230014.64
492,1953,167606.5
493,1954,182167.03
494,1955,137692.22
495,1956,316669.38
496,1957,173292.1
497,1958,298072.48
498,1959,150988.05
499,1960,116558.5
500,1961,121919.76
501,1962,93279.0
502,1963,102877.0
503,1964,109767.33
504,1965,151812.84
505,1966,140123.6
506,1967,302292.52
507,1968,414087.25
508,1969,371083.69
509,1970,413882.71
510,1971,417479.83
511,1972,353315.38
512,1973,267644.54
513,1974,327271.7
514,1975,463947.78
515,1976,272732.12
516,1977,358828.0
517,1978,367584.17
518,1979,310983.31
519,1980,196366.76
520,1981,325596.02
521,1982,219358.88
522,1983,209599.32
523,1984,166740.36
524,1985,217881.54
525,1986,214414.14
526,1987,174002.66
527,1988,181079.2
528,1989,199680.9
529,1990,215663.15
530,1991,227218.83
531,1992,210263.07
532,1993,170292.4
533,1994,249243.27
534,1995,181130.45
535,1996,256207.75
536,1997,311900.91
537,1998,329450.99
538,1999,262843.01
539,2000,298612.31
540,2001,271428.59
541,2002,268756.38
542,2003,247061.62
543,2004,259443.08
544,2005,221226.45
545,2006,223356.88
546,2007,248376.74
547,2008,208757.43
548,2009,199427.37
549,2010,193458.41
550,2011,152124.9
551,2012,173192.84
552,2013,185479.0
553,2014,199941.5
554,2015,198407.9
555,2016,207398.96
556,2017,200152.03
557,2018,127020.5
558,2019,132282.33
559,2020,111510.83
560,2021,117566.0
561,2022,178360.8
562,2023,147170.0
563,2024,277974.99
564,2025,322274.18
565,2026,182443.51
566,2027,156200.8
567,2028,155519.67
568,2029,177956.26
569,2030,261734.93
570,2031,222423.41
571,2032,239345.59
572,2033,246100.17
573,2034,161481.24
574,2035,204948.62
575,2036,190117.9
576,2037,194423.5
577,2038,265852.82
578,2039,194537.73
579,2040,337964.93
580,2041,274927.98
581,2042,209385.65
582,2043,176101.5
583,2044,187309.55
584,2045,205138.0
585,2046,151649.15
586,2047,155345.34
587,2048,141980.0
588,2049,135539.15
589,2050,185983.05
590,2051,104918.5
591,2052,140206.0
592,2053,141715.0
593,2054,91378.0
594,2055,156625.14
595,2056,130736.58
596,2057,124652.0
597,2058,215269.8
598,2059,143528.75
599,2060,162533.5
600,2061,170749.5
601,2062,138245.5
602,2063,115618.5
603,2064,139886.0
604,2065,117131.0
605,2066,156500.0
606,2067,132206.5
607,2068,136500.6
608,2069,86033.83
609,2070,110241.5
610,2071,123379.52
611,2072,130441.5
612,2073,134054.33
613,2074,159740.5
614,2075,146437.75
615,2076,119744.2
616,2077,151311.75
617,2078,130407.0
618,2079,125015.5
619,2080,112057.0
620,2081,118220.75
621,2082,123676.34
622,2083,143478.84
623,2084,111629.5
624,2085,132732.25
625,2086,122197.5
626,2087,121317.0
627,2088,105572.12
628,2089,97584.5
629,2090,139950.13
630,2091,133569.22
631,2092,140964.84
632,2093,140255.68
633,2094,106676.5
634,2095,146014.84
635,2096,89342.5
636,2097,102075.04
637,2098,147293.02
638,2099,71684.0
639,2100,127283.67
640,2101,126455.34
641,2102,132914.84
642,2103,109417.5
643,2104,138314.53
644,2105,141280.08
645,2106,91308.12
646,2107,160520.63
647,2108,115480.83
648,2109,126867.5
649,2110,135397.4
650,2111,131828.84
651,2112,137511.68
652,2113,120345.54
653,2114,108091.58
654,2115,149194.34
655,2116,114858.83
656,2117,153654.38
657,2118,117897.58
658,2119,105762.58
659,2120,119130.54
660,2121,97934.0
661,2122,114265.5
662,2123,91922.54
663,2124,144056.5
664,2125,138677.53
665,2126,145521.84
666,2127,144788.83
667,2128,140087.63
668,2129,110263.0
669,2130,149351.68
670,2131,139845.0
671,2132,113288.5
672,2133,119092.25
673,2134,119700.83
674,2135,105525.0
675,2136,91689.08
676,2137,129172.02
677,2138,141123.5
678,2139,154813.5
679,2140,135614.5
680,2141,134295.6
681,2142,139115.75
682,2143,143629.12
683,2144,124710.75
684,2145,135616.5
685,2146,152476.83
686,2147,201600.32
687,2148,133403.11
688,2149,148199.98
689,2150,189688.9
690,2151,103277.5
691,2152,173505.4
692,2153,151028.84
693,2154,95519.54
694,2155,138492.05
695,2156,279803.06
696,2157,227914.5
697,2158,234598.2
698,2159,203926.27
699,2160,170419.91
700,2161,245123.84
701,2162,386382.89
702,2163,343089.71
703,2164,255156.18
704,2165,192411.5
705,2166,146403.21
706,2167,192803.28
707,2168,211663.28
708,2169,192294.0
709,2170,215803.78
710,2171,155210.7
711,2172,145357.0
712,2173,185677.78
713,2174,242948.3
714,2175,281871.0
715,2176,332285.68
716,2177,258002.58
717,2178,208205.1
718,2179,142426.0
719,2180,243579.75
720,2181,189915.45
721,2182,229519.18
722,2183,191789.8
723,2184,137108.25
724,2185,133087.5
725,2186,140744.47
726,2187,149744.5
727,2188,153642.68
728,2189,200518.86
729,2190,83806.0
730,2191,89581.5
731,2192,83812.83
732,2193,104737.0
733,2194,100515.0
734,2195,118043.25
735,2196,115282.75
736,2197,112745.75
737,2198,132060.34
738,2199,158078.68
739,2200,141643.7
740,2201,136596.46
741,2202,184876.3
742,2203,181614.9
743,2204,196085.29
744,2205,131306.35
745,2206,132601.04
746,2207,188733.81
747,2208,221344.88
748,2209,238023.0
749,2210,120779.04
750,2211,112297.04
751,2212,114872.5
752,2213,101213.0
753,2214,148466.84
754,2215,109417.04
755,2216,149436.5
756,2217,78180.0
757,2218,93264.16
758,2219,81098.0
759,2220,97042.0
760,2221,331231.26
761,2222,283721.04
762,2223,313754.37
763,2224,195279.16
764,2225,147668.73
765,2226,166007.34
766,2227,217462.83
767,2228,288765.87
768,2229,233979.6
769,2230,168636.82
770,2231,222930.32
771,2232,189064.9
772,2233,184494.3
773,2234,234834.96
774,2235,271337.73
775,2236,288811.07
776,2237,357903.11
777,2238,195520.61
778,2239,123056.5
779,2240,160009.4
780,2241,167937.5
781,2242,141059.0
782,2243,134501.18
783,2244,102370.34
784,2245,97952.5
785,2246,144687.75
786,2247,100293.84
787,2248,123332.5
788,2249,124265.0
789,2250,136141.5
790,2251,132712.18
791,2252,164624.5
792,2253,159356.76
793,2254,179191.82
794,2255,201725.24
795,2256,180654.53
796,2257,234065.82
797,2258,166238.17
798,2259,181388.5
799,2260,153037.5
800,2261,182802.42
801,2262,214082.99
802,2263,350521.5
803,2264,429114.09
804,2265,189432.65
805,2266,271795.02
806,2267,357121.32
807,2268,386295.0
808,2269,162218.71
809,2270,178754.7
810,2271,226452.59
811,2272,205066.99
812,2273,167619.75
813,2274,179913.82
814,2275,175690.5
815,2276,178833.82
816,2277,218440.18
817,2278,151476.64
818,2279,125269.0
819,2280,118732.5
820,2281,177016.12
821,2282,189840.23
822,2283,97277.0
823,2284,110424.56
824,2285,139206.37
825,2286,128687.25
826,2287,337690.42
827,2288,280211.58
828,2289,356570.52
829,2290,407973.56
830,2291,334099.92
831,2292,412970.26
832,2293,435167.67
833,2294,385024.81
834,2295,429895.06
835,2296,268727.56
836,2297,325890.68
837,2298,308725.99
838,2299,386498.91
839,2300,326872.61
840,2301,302141.7
841,2302,257719.72
842,2303,235028.14
843,2304,242113.33
844,2305,202429.85
845,2306,206817.03
846,2307,202836.7
847,2308,217274.55
848,2309,269976.8
849,2310,207074.5
850,2311,203919.62
851,2312,174207.23
852,2313,176201.65
853,2314,171356.24
854,2315,176749.55
855,2316,217622.97
856,2317,182173.2
857,2318,176760.33
858,2319,174467.9
859,2320,177508.71
860,2321,232859.63
861,2322,171503.46
862,2323,165252.96
863,2324,170057.27
864,2325,213232.25
865,2326,169379.85
866,2327,210876.89
867,2328,221824.95
868,2329,186400.0
869,2330,179198.85
870,2331,355968.24
871,2332,352226.6
872,2333,302109.67
873,2334,278565.42
874,2335,256430.11
875,2336,317485.01
876,2337,197465.93
877,2338,274794.04
878,2339,225767.9
879,2340,386948.89
880,2341,216545.8
881,2342,229215.45
882,2343,220072.33
883,2344,250405.48
884,2345,243211.83
885,2346,207651.95
886,2347,193216.44
887,2348,226462.49
888,2349,176919.73
889,2350,296259.5
890,2351,259541.88
891,2352,238672.32
892,2353,296728.74
893,2354,133998.0
894,2355,132302.42
895,2356,154424.66
896,2357,196394.42
897,2358,208071.9
898,2359,135406.83
899,2360,121854.0
900,2361,138305.0
901,2362,279411.06
902,2363,141881.5
903,2364,151912.0
904,2365,222762.83
905,2366,178971.89
906,2367,216556.87
907,2368,217306.69
908,2369,219860.2
909,2370,176816.69
910,2371,172544.8
911,2372,187999.53
912,2373,271490.88
913,2374,288811.46
914,2375,231611.42
915,2376,325971.22
916,2377,350455.88
917,2378,144791.0
918,2379,233456.98
919,2380,144901.0
920,2381,162459.35
921,2382,195467.12
922,2383,204912.6
923,2384,239424.28
924,2385,151249.5
925,2386,137105.5
926,2387,135610.0
927,2388,112952.5
928,2389,130085.0
929,2390,142536.5
930,2391,136617.0
931,2392,115362.0
932,2393,155317.5
933,2394,140554.5
934,2395,180677.5
935,2396,147790.25
936,2397,187386.5
937,2398,127882.33
938,2399,61535.54
939,2400,62407.0
940,2401,116794.0
941,2402,135900.25
942,2403,138412.0
943,2404,145457.5
944,2405,160832.37
945,2406,134218.25
946,2407,129265.09
947,2408,137438.0
948,2409,132290.0
949,2410,155078.5
950,2411,119990.58
951,2412,149995.25
952,2413,136865.75
953,2414,134920.75
954,2415,132602.54
955,2416,125582.0
956,2417,127000.0
957,2418,124979.5
958,2419,140453.7
959,2420,124838.83
960,2421,149741.34
961,2422,118030.5
962,2423,149006.14
963,2424,139088.0
964,2425,246600.25
965,2426,135545.35
966,2427,139868.89
967,2428,156018.34
968,2429,114912.58
969,2430,127187.0
970,2431,123213.0
971,2432,134238.25
972,2433,142317.0
973,2434,142785.5
974,2435,153997.37
975,2436,106653.5
976,2437,108834.11
977,2438,124786.08
978,2439,130178.76
979,2440,118585.5
980,2441,106650.08
981,2442,104648.5
982,2443,117851.5
983,2444,126975.82
984,2445,92079.75
985,2446,135757.84
986,2447,183426.48
987,2448,138501.84
988,2449,113551.0
989,2450,146785.93
990,2451,125846.42
991,2452,173098.65
992,2453,104060.0
993,2454,121129.84
994,2455,105526.45
995,2456,131600.84
996,2457,115118.29
997,2458,114236.84
998,2459,121252.0
999,2460,129943.84
1000,2461,118504.0
1001,2462,124898.09
1002,2463,121417.5
1003,2464,151058.75
1004,2465,125352.82
1005,2466,115556.5
1006,2467,109174.08
1007,2468,94647.08
1008,2469,99491.74
1009,2470,184790.49
1010,2471,160990.25
1011,2472,159046.79
1012,2473,117764.5
1013,2474,123162.38
1014,2475,190451.7
1015,2476,107021.04
1016,2477,133755.25
1017,2478,158346.14
1018,2479,120259.0
1019,2480,145018.65
1020,2481,132732.25
1021,2482,134314.93
1022,2483,115946.83
1023,2484,129077.7
1024,2485,121858.0
1025,2486,151736.5
1026,2487,192779.37
1027,2488,123839.5
1028,2489,149046.83
1029,2490,152428.25
1030,2491,94214.0
1031,2492,187897.37
1032,2493,140705.5
1033,2494,161558.05
1034,2495,104038.54
1035,2496,254962.9
1036,2497,150013.84
1037,2498,112427.83
1038,2499,94207.0
1039,2500,139647.33
1040,2501,134030.75
1041,2502,145817.5
1042,2503,102447.04
1043,2504,199958.35
1044,2505,214816.14
1045,2506,252965.11
1046,2507,303737.67
1047,2508,251898.95
1048,2509,228819.9
1049,2510,219685.17
1050,2511,184370.85
1051,2512,215414.2
1052,2513,214896.46
1053,2514,213407.5
1054,2515,151028.82
1055,2516,159374.58
1056,2517,134132.79
1057,2518,139604.37
1058,2519,227608.58
1059,2520,211818.0
1060,2521,199626.75
1061,2522,217487.58
1062,2523,132129.0
1063,2524,141359.5
1064,2525,144168.42
1065,2526,145120.1
1066,2527,125815.5
1067,2528,129245.93
1068,2529,135156.32
1069,2530,120689.0
1070,2531,267635.51
1071,2532,230162.61
1072,2533,199663.3
1073,2534,228122.87
1074,2535,293810.71
1075,2536,227084.64
1076,2537,217541.68
1077,2538,176150.22
1078,2539,186306.7
1079,2540,185350.48
1080,2541,177063.3
1081,2542,177817.11
1082,2543,133317.0
1083,2544,136057.57
1084,2545,134230.5
1085,2546,146401.0
1086,2547,138702.3
1087,2548,155281.98
1088,2549,156425.24
1089,2550,352594.2
1090,2551,142821.25
1091,2552,121583.98
1092,2553,87489.0
1093,2554,118257.75
1094,2555,109400.66
1095,2556,110536.16
1096,2557,119642.5
1097,2558,166572.5
1098,2559,149319.27
1099,2560,133601.33
1100,2561,114686.0
1101,2562,141000.35
1102,2563,153746.06
1103,2564,190831.0
1104,2565,135994.7
1105,2566,193515.21
1106,2567,139289.83
1107,2568,192449.5
1108,2569,195991.5
1109,2570,118340.04
1110,2571,209387.63
1111,2572,139401.9
1112,2573,195137.78
1113,2574,264715.56
1114,2575,126332.5
1115,2576,142929.73
1116,2577,152848.21
1117,2578,98067.0
1118,2579,99038.0
1119,2580,128241.0
1120,2581,136873.3
1121,2582,126039.0
1122,2583,261658.25
1123,2584,157609.33
1124,2585,219849.83
1125,2586,200429.81
1126,2587,170756.34
1127,2588,128958.66
1128,2589,141042.9
1129,2590,226911.16
1130,2591,225818.58
1131,2592,225049.82
1132,2593,260967.74
1133,2594,175670.2
1134,2595,204407.62
1135,2596,331594.86
1136,2597,209387.35
1137,2598,286921.61
1138,2599,306391.28
1139,2600,171770.7
1140,2601,132420.64
1141,2602,92396.5
1142,2603,97526.5
1143,2604,94480.5
1144,2605,98552.75
1145,2606,144945.7
1146,2607,172744.0
1147,2608,197398.5
1148,2609,160225.14
1149,2610,109299.0
1150,2611,159533.34
1151,2612,152946.75
1152,2613,126771.5
1153,2614,121760.47
1154,2615,148164.25
1155,2616,135431.08
1156,2617,158105.99
1157,2618,171955.5
1158,2619,161311.0
1159,2620,186127.0
1160,2621,187445.5
1161,2622,191293.78
1162,2623,238421.55
1163,2624,288748.29
1164,2625,315421.25
1165,2626,167703.67
1166,2627,173284.6
1167,2628,399811.06
1168,2629,477611.4
1169,2630,323309.84
1170,2631,416552.72
1171,2632,373628.74
1172,2633,298894.08
1173,2634,385334.08
1174,2635,154357.0
1175,2636,193371.0
1176,2637,179974.82
1177,2638,258057.51
1178,2639,184001.78
1179,2640,153464.74
1180,2641,113896.33
1181,2642,201669.8
1182,2643,108795.02
1183,2644,130586.5
1184,2645,94721.0
1185,2646,92261.0
1186,2647,94992.0
1187,2648,140670.1
1188,2649,141458.99
1189,2650,135212.25
1190,2651,146884.84
1191,2652,405813.5
1192,2653,229784.73
1193,2654,279694.58
1194,2655,375367.85
1195,2656,303072.21
1196,2657,307885.22
1197,2658,271120.37
1198,2659,304217.12
1199,2660,344342.07
1200,2661,327865.9
1201,2662,339508.45
1202,2663,275765.6
1203,2664,271038.15
1204,2665,311289.78
1205,2666,267903.05
1206,2667,169634.9
1207,2668,174212.38
1208,2669,183108.33
1209,2670,288085.01
1210,2671,175926.48
1211,2672,182666.27
1212,2673,211422.22
1213,2674,219329.22
1214,2675,159394.35
1215,2676,190715.46
1216,2677,196927.86
1217,2678,271488.15
1218,2679,271283.08
1219,2680,265830.68
1220,2681,381355.96
1221,2682,315026.56
1222,2683,484691.72
1223,2684,301143.81
1224,2685,346871.04
1225,2686,258442.58
1226,2687,315388.59
1227,2688,219663.77
1228,2689,204386.7
1229,2690,419399.3
1230,2691,205060.2
1231,2692,136236.5
1232,2693,192669.49
1233,2694,135713.0
1234,2695,200076.62
1235,2696,185044.62
1236,2697,200774.48
1237,2698,201186.03
1238,2699,194906.5
1239,2700,180026.31
1240,2701,154096.56
1241,2702,124937.5
1242,2703,139462.05
1243,2704,140880.6
1244,2705,122911.82
1245,2706,113940.33
1246,2707,127543.0
1247,2708,135677.33
1248,2709,107747.5
1249,2710,123338.49
1250,2711,306103.3
1251,2712,371623.18
1252,2713,161011.37
1253,2714,151525.28
1254,2715,170688.87
1255,2716,150494.5
1256,2717,188267.82
1257,2718,221463.2
1258,2719,164229.39
1259,2720,155682.0
1260,2721,142705.6
1261,2722,166731.68
1262,2723,143060.2
1263,2724,130227.1
1264,2725,137659.75
1265,2726,147372.75
1266,2727,160575.0
1267,2728,159216.0
1268,2729,154662.98
1269,2730,146601.75
1270,2731,116109.33
1271,2732,117656.0
1272,2733,158195.5
1273,2734,144496.5
1274,2735,139298.75
1275,2736,146414.37
1276,2737,121727.83
1277,2738,139347.0
1278,2739,161184.5
1279,2740,131511.0
1280,2741,149376.0
1281,2742,151054.5
1282,2743,152404.5
1283,2744,145253.75
1284,2745,134847.25
1285,2746,134265.75
1286,2747,143015.5
1287,2748,124732.25
1288,2749,127787.5
1289,2750,136052.75
1290,2751,125292.5
1291,2752,228085.54
1292,2753,153910.0
1293,2754,211039.78
1294,2755,119019.5
1295,2756,108769.83
1296,2757,85513.0
1297,2758,96139.0
1298,2759,150512.34
1299,2760,147402.68
1300,2761,146024.25
1301,2762,145983.75
1302,2763,165966.8
1303,2764,142806.39
1304,2765,193836.48
1305,2766,149996.36
1306,2767,89629.83
1307,2768,123108.54
1308,2769,134993.75
1309,2770,136174.0
1310,2771,119697.5
1311,2772,121149.5
1312,2773,184930.81
1313,2774,144088.34
1314,2775,132525.25
1315,2776,136192.84
1316,2777,138571.56
1317,2778,84972.83
1318,2779,167593.0
1319,2780,107787.29
1320,2781,101506.5
1321,2782,106616.33
1322,2783,113777.54
1323,2784,132069.5
1324,2785,149870.18
1325,2786,88535.5
1326,2787,115821.0
1327,2788,97188.0
1328,2789,156484.0
1329,2790,93005.44
1330,2791,122708.6
1331,2792,94966.29
1332,2793,151721.84
1333,2794,119720.87
1334,2795,114336.58
1335,2796,104004.0
1336,2797,168918.49
1337,2798,118289.08
1338,2799,117163.5
1339,2800,79884.54
1340,2801,111098.75
1341,2802,131162.34
1342,2803,143530.1
1343,2804,134373.0
1344,2805,93802.0
1345,2806,98266.5
1346,2807,141520.6
1347,2808,149928.87
1348,2809,128135.5
1349,2810,138251.25
1350,2811,158564.0
1351,2812,145399.8
1352,2813,155843.05
1353,2814,169662.55
1354,2815,94623.87
1355,2816,229617.4
1356,2817,138272.83
1357,2818,128507.5
1358,2819,180260.1
1359,2820,141007.0
1360,2821,106426.66
1361,2822,169638.98
1362,2823,218807.0
1363,2824,174699.0
1364,2825,154698.5
1365,2826,132877.25
1366,2827,138155.34
1367,2828,269721.51
1368,2829,214114.86
1369,2830,238788.16
1370,2831,187258.04
1371,2832,278935.86
1372,2833,302265.36
1373,2834,219050.37
1374,2835,217171.02
1375,2836,187164.94
1376,2837,160919.82
1377,2838,150291.35
1378,2839,183365.5
1379,2840,187840.3
1380,2841,201843.74
1381,2842,231993.29
1382,2843,154645.1
1383,2844,163157.87
1384,2845,120420.5
1385,2846,212497.35
1386,2847,200955.5
1387,2848,205386.56
1388,2849,209970.25
1389,2850,271771.67
1390,2851,229875.17
1391,2852,228935.1
1392,2853,233277.08
1393,2854,138854.0
1394,2855,200280.57
1395,2856,211554.09
1396,2857,182801.16
1397,2858,200865.42
1398,2859,138262.84
1399,2860,123546.47
1400,2861,146142.0
1401,2862,183836.39
1402,2863,119342.5
1403,2864,231083.58
1404,2865,140064.0
1405,2866,134004.0
1406,2867,101256.0
1407,2868,113107.5
1408,2869,126331.75
1409,2870,164582.0
1410,2871,102359.0
1411,2872,70194.5
1412,2873,106395.62
1413,2874,135993.5
1414,2875,111530.08
1415,2876,150414.7
1416,2877,146455.2
1417,2878,189020.21
1418,2879,133352.33
1419,2880,105051.08
1420,2881,170454.89
1421,2882,191855.42
1422,2883,188583.66
1423,2884,180984.26
1424,2885,173914.33
1425,2886,231958.85
1426,2887,104633.75
1427,2888,122852.0
1428,2889,66465.0
1429,2890,98197.0
1430,2891,136325.54
1431,2892,67565.0
1432,2893,103737.04
1433,2894,74137.0
1434,2895,312887.63
1435,2896,287063.9
1436,2897,180781.0
1437,2898,150680.04
1438,2899,202229.22
1439,2900,161098.37
1440,2901,213265.6
1441,2902,202132.77
1442,2903,348187.19
1443,2904,323749.72
1444,2905,123955.5
1445,2906,192350.11
1446,2907,120912.64
1447,2908,126230.0
1448,2909,144953.5
1449,2910,86992.5
1450,2911,91626.5
1451,2912,152951.87
1452,2913,91470.33
1453,2914,91032.0
1454,2915,89202.0
1455,2916,91919.25
1456,2917,160253.25
1457,2918,114526.5
1458,2919,193409.09
