,Id,SalePrice
0,1461,120231.08589282875
1,1462,147479.08817764645
2,1463,190963.88375693304
3,1464,203438.91858626352
4,1465,190217.7175008535
5,1466,187266.78893331822
6,1467,167481.4240562668
7,1468,174316.2092555132
8,1469,169008.95282198023
9,1470,125703.54571819109
10,1471,185547.8216011479
11,1472,92138.30779999531
12,1473,99456.36492166892
13,1474,140115.59901033904
14,1475,99844.07504656461
15,1476,358263.7692669375
16,1477,252130.43951829823
17,1478,300087.48717306985
18,1479,311372.5246225792
19,1480,481152.7662899414
20,1481,319718.8456338683
21,1482,205807.0660502212
22,1483,178076.5097386061
23,1484,167525.96513404502
24,1485,179102.90426246746
25,1486,194138.69987494897
26,1487,359407.6865964759
27,1488,240811.20989988488
28,1489,205274.13690968032
29,1490,260202.80821625332
30,1491,195452.9825192179
31,1492,100932.39682726099
32,1493,177481.1219114591
33,1494,284843.75195409526
34,1495,284063.7017170328
35,1496,263354.52062890184
36,1497,194657.52074440787
37,1498,168718.5907877566
38,1499,170385.60200029876
39,1500,174598.03828982334
40,1501,168720.45791237633
41,1502,164249.87776896261
42,1503,295132.1747673255
43,1504,230185.20373124766
44,1505,218083.15329724608
45,1506,192437.62876602466
46,1507,254436.67339830202
47,1508,205460.33551725055
48,1509,175636.15263243017
49,1510,151329.92480193512
50,1511,148748.18435850905
51,1512,174956.27864377474
52,1513,140183.19318471034
53,1514,161816.03067194286
54,1515,222220.71606460502
55,1516,150480.34863333206
56,1517,164210.05413205546
57,1518,133616.29853500766
58,1519,218216.91592939847
59,1520,136852.13255113017
60,1521,141313.43193994436
61,1522,160659.85898551723
62,1523,108444.59826425501
63,1524,119988.7385124436
64,1525,120805.33069922049
65,1526,119262.76746650868
66,1527,109550.70286856305
67,1528,118233.69208497435
68,1529,150078.4909384669
69,1530,166005.29323002373
70,1531,117703.79698664996
71,1532,106033.54909252613
72,1533,146580.06548655685
73,1534,106095.31488169431
74,1535,156234.59815847842
75,1536,112944.0872840545
76,1537,92285.90597571059
77,1538,150623.6560682901
78,1539,210464.0549961609
79,1540,122290.61512090311
80,1541,134645.1841310634
81,1542,135139.184960245
82,1543,185856.05531480463
83,1544,83111.009346036
84,1545,103831.05623542042
85,1546,123883.03512098263
86,1547,124221.83068159032
87,1548,124943.1458284961
88,1549,115821.359666447
89,1550,144358.17961731326
90,1551,120868.79164132506
91,1552,138309.64858402993
92,1553,161908.3857865171
93,1554,107523.86510083842
94,1555,176577.29347070106
95,1556,79353.70123274151
96,1557,118315.89526018393
97,1558,93052.88934319167
98,1559,110912.06213379947
99,1560,141211.54782484035
100,1561,140878.0288035225
101,1562,120837.16721636009
102,1563,114642.25953126041
103,1564,167373.10756004645
104,1565,142321.0291833271
105,1566,226604.16443528596
106,1567,85147.71819148667
107,1568,224151.862012419
108,1569,157710.7125647221
109,1570,140510.6208028758
110,1571,130326.6097495062
111,1572,149586.8253242696
112,1573,264263.7873363803
113,1574,130268.01100343962
114,1575,247653.8064529597
115,1576,243553.6020072069
116,1577,194897.2974814694
117,1578,144261.030805773
118,1579,145079.34708685434
119,1580,189218.82568035452
120,1581,159977.68037441533
121,1582,128071.04235431233
122,1583,301889.71748883376
123,1584,232936.22640551857
124,1585,146011.56572815933
125,1586,71864.7023469516
126,1587,99800.31003160284
127,1588,152203.54868073863
128,1589,104495.14458532409
129,1590,132790.85444576593
130,1591,102199.28094811141
131,1592,122786.07334962672
132,1593,117044.0457839367
133,1594,141189.23510809385
134,1595,125129.0898870731
135,1596,224751.7701254386
136,1597,183585.56081031056
137,1598,198580.90264985652
138,1599,172104.1848525454
139,1600,171317.0029014614
140,1601,87108.39259915474
141,1602,118631.78644220553
142,1603,99202.26523643288
143,1604,273596.66909497464
144,1605,230168.72367946478
145,1606,159599.2677610271
146,1607,165566.600095176
147,1608,234356.52961874678
148,1609,202750.94706393918
149,1610,163658.08373193597
150,1611,139959.3303759564
151,1612,184240.2834838012
152,1613,155261.03890808256
153,1614,121970.59444502446
154,1615,97500.8868553865
155,1616,85669.86002542594
156,1617,98225.64352349246
157,1618,114377.33492617669
158,1619,132327.89923681377
159,1620,162746.67603483744
160,1621,131255.01876717794
161,1622,139659.79177697268
162,1623,257917.64966923182
163,1624,207025.88384609472
164,1625,110390.73263033056
165,1626,161863.2944758063
166,1627,186939.7119773136
167,1628,269831.1928967165
168,1629,179227.89297451996
169,1630,418896.0956896564
170,1631,209389.59874835904
171,1632,250927.18457657908
172,1633,173528.72231259113
173,1634,182080.10747737455
174,1635,193192.64751148337
175,1636,153489.96675618866
176,1637,201742.60369075788
177,1638,194130.55688672324
178,1639,188170.8501264734
179,1640,263783.10900130204
180,1641,188294.27814417865
181,1642,236856.0934328042
182,1643,217827.64180158975
183,1644,224347.78286504012
184,1645,205659.9506713596
185,1646,164422.27109147244
186,1647,154894.69768019603
187,1648,141589.6195863841
188,1649,131777.95316106567
189,1650,107482.82799618463
190,1651,118170.18655402113
191,1652,93190.1215600296
192,1653,93340.47011906364
193,1654,146096.43858079312
194,1655,142134.34006310554
195,1656,136175.69814160428
196,1657,141676.08047303045
197,1658,155150.46208981276
198,1659,102032.16844897873
199,1660,165726.62493471222
200,1661,468319.8271666035
201,1662,380026.86378390243
202,1663,400709.4959678394
203,1664,475357.2693657843
204,1665,325342.08194246766
205,1666,327003.73829810944
206,1667,401774.2781238802
207,1668,340530.2328654628
208,1669,299268.13042381324
209,1670,358912.56456860254
210,1671,277613.1418643446
211,1672,469881.08163648285
212,1673,315780.0217591593
213,1674,240343.77191070231
214,1675,196396.37905849054
215,1676,201045.67178401307
216,1677,218086.4570645929
217,1678,474464.209015239
218,1679,431251.53961543576
219,1680,312151.2557772021
220,1681,259709.82946256496
221,1682,313336.950960828
222,1683,185101.30763684312
223,1684,172986.51559104957
224,1685,181664.75852219033
225,1686,169126.42099092237
226,1687,171222.9098292035
227,1688,178616.14532550427
228,1689,184036.242049896
229,1690,189469.86339105316
230,1691,181144.2864285653
231,1692,265972.14348847413
232,1693,171885.46685375512
233,1694,185177.00303618828
234,1695,153611.34080251286
235,1696,265302.71840256784
236,1697,160919.65442557694
237,1698,390591.18484218704
238,1699,324450.57387350017
239,1700,245615.10215155856
240,1701,264661.6361435874
241,1702,262953.63669736806
242,1703,248966.3708252105
243,1704,294638.74968599156
244,1705,226500.73730136527
245,1706,460700.510577444
246,1707,230421.40377395554
247,1708,207338.06845015136
248,1709,257215.12592071146
249,1710,213923.69312521128
250,1711,255689.63472764357
251,1712,267698.031726623
252,1713,293553.36805901764
253,1714,214334.57267258846
254,1715,207047.23960609295
255,1716,185749.64479824502
256,1717,171965.0234367616
257,1718,143368.10322841376
258,1719,205592.66124750028
259,1720,238823.78457994328
260,1721,163420.5649782969
261,1722,139552.77143494744
262,1723,158752.5449794486
263,1724,214997.42722417627
264,1725,240391.70035688867
265,1726,204455.7734844936
266,1727,169891.31528304756
267,1728,182794.3329931042
268,1729,153426.29351269748
269,1730,169245.0305431073
270,1731,117276.68324840866
271,1732,124232.59666213459
272,1733,115011.42930052885
273,1734,122216.67959542415
274,1735,151068.87467352973
275,1736,109205.51188664934
276,1737,362603.2682615881
277,1738,212371.92049283296
278,1739,347948.41280467954
279,1740,233807.8144132467
280,1741,213448.08328873952
281,1742,168198.80475959272
282,1743,168199.92112459725
283,1744,312281.4253831595
284,1745,247986.54997125705
285,1746,226544.2839894484
286,1747,222241.7611817813
287,1748,243601.80926541853
288,1749,158522.79771514234
289,1750,136915.99274519473
290,1751,233218.74383758454
291,1752,114572.36541100156
292,1753,150540.77534097855
293,1754,193894.34220350362
294,1755,173977.49705357655
295,1756,121557.71541961763
296,1757,111373.31352813698
297,1758,155306.44282859596
298,1759,150189.05401537594
299,1760,165549.11876180844
300,1761,143436.55434758024
301,1762,177918.7133202238
302,1763,165988.36676993905
303,1764,120427.8990974421
304,1765,186245.59229011703
305,1766,171306.6636324818
306,1767,192376.08674793417
307,1768,157315.81403282427
308,1769,155566.95449160406
309,1770,151438.48331715
310,1771,139390.0532113846
311,1772,136854.40101850944
312,1773,137026.77325309644
313,1774,140477.45287221225
314,1775,134341.68401427203
315,1776,125648.49953414938
316,1777,105377.35453628014
317,1778,154293.68191045997
318,1779,116865.39427206788
319,1780,156547.71186898332
320,1781,137945.58221948842
321,1782,98499.32205683531
322,1783,136673.9775211598
323,1784,127768.83143526461
324,1785,131361.16801243677
325,1786,192504.33142033627
326,1787,174207.633577288
327,1788,78336.39985433525
328,1789,117613.67300908417
329,1790,90910.0549259369
330,1791,175698.17571026
331,1792,140586.27092029786
332,1793,125847.64015346103
333,1794,159619.5270164996
334,1795,129109.63150721467
335,1796,136216.43274128006
336,1797,105112.91843594224
337,1798,130435.10387675483
338,1799,110221.61237237243
339,1800,146286.28093471716
340,1801,131629.03381605906
341,1802,131044.67126699703
342,1803,145691.90454275222
343,1804,141714.18319783118
344,1805,136902.33530226065
345,1806,111283.86980855683
346,1807,130510.80545245069
347,1808,125230.00785216823
348,1809,134527.9816901796
349,1810,150764.3900267425
350,1811,90503.18386116448
351,1812,95550.13567525765
352,1813,116957.20147228426
353,1814,99283.94169218386
354,1815,61453.5084921062
355,1816,114438.43645320408
356,1817,147287.89043298838
357,1818,165007.52964701608
358,1819,129366.33835751192
359,1820,74774.21215324067
360,1821,116059.38459548919
361,1822,159456.04297183038
362,1823,63053.7649166549
363,1824,129482.30362386505
364,1825,138104.40645336598
365,1826,107765.18415414238
366,1827,98609.40501163258
367,1828,126625.26064970563
368,1829,118777.49151676544
369,1830,125001.43712036901
370,1831,139864.26187613825
371,1832,102335.47200089051
372,1833,143264.53143052515
373,1834,125410.5053495808
374,1835,120306.92167630754
375,1836,138322.52938157663
376,1837,77144.81620951743
377,1838,110865.50654147657
378,1839,82300.25847901763
379,1840,158706.4435552462
380,1841,151263.40774798088
381,1842,81721.66677218846
382,1843,135961.1221950643
383,1844,142435.99202263725
384,1845,136957.3050811917
385,1846,157336.70655973075
386,1847,192511.58056684217
387,1848,62734.030526499686
388,1849,106216.41127006414
389,1850,123620.87319310966
390,1851,159323.20132625866
391,1852,137178.2462844248
392,1853,150937.53710846583
393,1854,167076.12908956487
394,1855,154953.87357605615
395,1856,207231.87866113576
396,1857,199905.57954774218
397,1858,151318.14924816572
398,1859,133964.96244609627
399,1860,160293.28488875844
400,1861,133964.96244609627
401,1862,282766.5340735932
402,1863,277344.2596529712
403,1864,277344.2596529712
404,1865,322483.19842449186
405,1866,320435.45918870147
406,1867,240692.95107966315
407,1868,307526.10156091105
408,1869,199064.60046470817
409,1870,233099.05065512838
410,1871,273197.39016396255
411,1872,179283.5151421306
412,1873,213371.37618755532
413,1874,149095.85537877024
414,1875,202681.34106887516
415,1876,195210.31645899016
416,1877,222936.1549892959
417,1878,219219.95958488865
418,1879,138176.19765477744
419,1880,134515.5200614802
420,1881,259326.20190827316
421,1882,245459.20908478263
422,1883,194610.36183842787
423,1884,205753.14503234017
424,1885,231907.42680436885
425,1886,308872.4169806979
426,1887,201594.2364098972
427,1888,278787.31097097835
428,1889,177946.82946963713
429,1890,132363.05102664177
430,1891,132577.19848212352
431,1892,109818.69365909
432,1893,134061.11835901515
433,1894,133281.4394935598
434,1895,146705.90292108487
435,1896,124648.60151784211
436,1897,108770.06314437755
437,1898,108354.22595824713
438,1899,155116.39334670792
439,1900,124631.79586667984
440,1901,174815.9663220563
441,1902,140547.98766316663
442,1903,195067.3470626078
443,1904,151405.9241213297
444,1905,185407.1119306891
445,1906,171536.21292799502
446,1907,197147.18232076833
447,1908,110468.01468335472
448,1909,133881.8355121622
449,1910,125283.80260262916
450,1911,200454.26957673408
451,1912,306465.74193165044
452,1913,168964.6718757483
453,1914,77646.56444524841
454,1915,325115.81401312695
455,1916,68208.72541232522
456,1917,246995.84741055733
457,1918,131690.1712658473
458,1919,156211.9445592533
459,1920,150479.6541294686
460,1921,430670.9112806006
461,1922,329659.82456183515
462,1923,237540.62700703467
463,1924,224711.0476273502
464,1925,229382.1821301537
465,1926,404373.0778956662
466,1927,134950.30003032566
467,1928,150966.54092968363
468,1929,113207.17579044518
469,1930,128732.08695684958
470,1931,129439.6519490326
471,1932,133431.97950186997
472,1933,187409.69384419898
473,1934,181265.14776285648
474,1935,180676.06053596304
475,1936,191556.00793988758
476,1937,180672.78022404286
477,1938,180884.51147253253
478,1939,239946.88954618375
479,1940,190355.0683787731
480,1941,178891.21525687622
481,1942,181884.12812172304
482,1943,214245.28735783717
483,1944,351197.18906576704
484,1945,386532.9458022313
485,1946,173990.41489817976
486,1947,312252.27741610125
487,1948,185831.00229118488
488,1949,253862.06353260635
489,1950,173523.1497505608
490,1951,261196.12853952564
491,1952,204840.18412673473
492,1953,164612.62825200066
493,1954,181379.97557775147
494,1955,120944.77425960732
495,1956,321537.99853074626
496,1957,163246.13338825857
497,1958,271482.6620032547
498,1959,131636.46387232293
499,1960,113472.26927480234
500,1961,108804.18732825729
501,1962,96177.95550172676
502,1963,100146.50003553841
503,1964,108250.84930211338
504,1965,131797.33523115475
505,1966,133296.04141643175
506,1967,282775.4583847007
507,1968,465609.2081073587
508,1969,403065.6943520562
509,1970,468132.566367185
510,1971,421846.65127740806
511,1972,357826.9988445774
512,1973,270228.9478423581
513,1974,321031.56843312987
514,1975,472600.6187835032
515,1976,261630.94058345308
516,1977,359996.9352611576
517,1978,425068.69947210286
518,1979,320578.4780401642
519,1980,195711.5527674473
520,1981,346558.42638048704
521,1982,213048.11072001563
522,1983,200808.31099471592
523,1984,170008.76859867162
524,1985,221767.65480405235
525,1986,218884.76102639805
526,1987,173841.0808170945
527,1988,182227.472308501
528,1989,192763.28671288752
529,1990,218282.121351585
530,1991,244054.4831133676
531,1992,206235.3684294674
532,1993,171462.57159752978
533,1994,237069.3282420702
534,1995,175366.84082623784
535,1996,260371.3410150815
536,1997,326538.06207977084
537,1998,357312.2022437403
538,1999,261014.31409506843
539,2000,316085.73663105746
540,2001,265782.3097695344
541,2002,261030.59684268097
542,2003,255492.7565618891
543,2004,235589.6644394311
544,2005,227799.58045524624
545,2006,219761.86886674777
546,2007,245160.39699727757
547,2008,219945.23588046324
548,2009,205908.9612966619
549,2010,193525.58583848155
550,2011,151492.60433329802
551,2012,181721.21385825978
552,2013,193576.665094767
553,2014,200816.66906019306
554,2015,207943.75741736882
555,2016,204456.3787493272
556,2017,201151.7924101767
557,2018,128935.95190540623
558,2019,126206.1947955674
559,2020,93833.62734948185
560,2021,104888.82365525253
561,2022,186172.86497309853
562,2023,134867.78491545227
563,2024,281382.148403209
564,2025,354925.16794251493
565,2026,182588.12193637184
566,2027,173032.7174696822
567,2028,155848.5075306768
568,2029,171882.29409835767
569,2030,252362.76388298042
570,2031,228778.7228019216
571,2032,250120.15201735598
572,2033,256300.10887319743
573,2034,167867.52319428924
574,2035,209191.47034065347
575,2036,178734.99048065796
576,2037,180766.57843862314
577,2038,289471.621946268
578,2039,225352.15093697014
579,2040,323377.22904767276
580,2041,266666.799708526
581,2042,209911.66141092876
582,2043,171844.59246492354
583,2044,198944.9652284391
584,2045,201162.90555888315
585,2046,151832.4290136263
586,2047,143422.3975449679
587,2048,143183.29203490398
588,2049,136371.9899886694
589,2050,183624.9115914461
590,2051,109120.18495389615
591,2052,145610.53396380288
592,2053,150122.4145453108
593,2054,91759.80162456444
594,2055,165426.95790840528
595,2056,139474.51693702876
596,2057,126683.70192448614
597,2058,231054.36177809248
598,2059,146150.2305213129
599,2060,165648.21738491138
600,2061,162847.78746599532
601,2062,136136.8238395029
602,2063,115941.79815026962
603,2064,139277.40345487083
604,2065,120941.89901387299
605,2066,155182.42491570805
606,2067,127643.18878567447
607,2068,150243.8193947025
608,2069,77032.57427636303
609,2070,101012.84584978048
610,2071,114013.82122647301
611,2072,137202.97396411517
612,2073,132772.0582812679
613,2074,164559.2487846194
614,2075,144038.98880906383
615,2076,123568.36827192364
616,2077,157849.57349952107
617,2078,131766.21632597753
618,2079,118988.17609696485
619,2080,108566.85408510598
620,2081,116848.04626003913
621,2082,109617.27519933261
622,2083,144927.52949290906
623,2084,108927.92149731396
624,2085,121255.53220604295
625,2086,133538.90640834565
626,2087,118614.50575807954
627,2088,86473.46127345428
628,2089,77029.92693703472
629,2090,141604.32330042846
630,2091,124761.1732902195
631,2092,128795.49743974999
632,2093,148855.5748637798
633,2094,131847.08824530334
634,2095,135095.00250962932
635,2096,83535.19615235967
636,2097,107189.09990347906
637,2098,144486.23890499928
638,2099,70664.50747469635
639,2100,112164.62827604452
640,2101,113018.37262817756
641,2102,117123.6227341273
642,2103,108547.39346226685
643,2104,138158.11006996525
644,2105,147470.6114151188
645,2106,80055.99154786304
646,2107,205695.21593180698
647,2108,113402.60216897189
648,2109,114631.69177754746
649,2110,136494.40219838117
650,2111,130522.70986232958
651,2112,141047.9529053033
652,2113,116513.66392720382
653,2114,102671.3757378621
654,2115,155725.01431969315
655,2116,111021.79716326493
656,2117,139357.62431892936
657,2118,110106.08296890177
658,2119,100852.90972039562
659,2120,115468.85522836343
660,2121,73620.65435459197
661,2122,108617.27291771937
662,2123,79275.20471652407
663,2124,157770.56989129452
664,2125,141823.63822475894
665,2126,154444.3624225334
666,2127,151092.3102764144
667,2128,136263.50184659593
668,2129,113094.31377058137
669,2130,134660.77824079033
670,2131,150108.94829497454
671,2132,105502.62842568183
672,2133,123215.36457623837
673,2134,115041.81798787224
674,2135,100047.77495188749
675,2136,65993.26535459184
676,2137,121789.19951536563
677,2138,132768.70532492443
678,2139,148209.9216146553
679,2140,142134.4118626899
680,2141,135381.33190208278
681,2142,135148.32278169558
682,2143,136079.247304706
683,2144,120945.81795631128
684,2145,137216.35881014648
685,2146,157757.14552767595
686,2147,161492.5049041105
687,2148,131747.09444646546
688,2149,136311.57014594597
689,2150,209224.84481809204
690,2151,114999.84246819017
691,2152,193465.45669266887
692,2153,171080.6203328158
693,2154,104706.3322451399
694,2155,148332.6558345049
695,2156,312733.4002993512
696,2157,238451.2048168105
697,2158,244684.95300915604
698,2159,215905.4640600146
699,2160,177789.54154132956
700,2161,241997.30922272045
701,2162,404141.4111715896
702,2163,316288.8855292352
703,2164,220387.28430491232
704,2165,189945.88912819535
705,2166,147776.33310455352
706,2167,220638.74604827314
707,2168,202729.26690982166
708,2169,205262.0485910829
709,2170,214740.84271056755
710,2171,141908.86319983914
711,2172,142067.4399322388
712,2173,174933.1698649669
713,2174,235886.78339319126
714,2175,270152.69364421675
715,2176,317144.13833372237
716,2177,248274.91356942692
717,2178,199476.30215638614
718,2179,145311.32138120083
719,2180,244458.45534198705
720,2181,190866.9285897475
721,2182,245683.8619740873
722,2183,193058.53946006965
723,2184,123990.97203040376
724,2185,128042.21955597005
725,2186,128174.75174565487
726,2187,154415.91264838786
727,2188,147010.82719366188
728,2189,282030.76495033305
729,2190,79528.75921345592
730,2191,79528.75921345592
731,2192,94259.61007513397
732,2193,113979.1720251697
733,2194,93089.37080369756
734,2195,120901.32727014701
735,2196,107542.37644522938
736,2197,118478.54535033916
737,2198,142032.40823079273
738,2199,152085.19859209264
739,2200,141087.86236488124
740,2201,131233.73741847128
741,2202,185717.27531303273
742,2203,164247.7313853617
743,2204,198155.76116419354
744,2205,121878.51486356798
745,2206,144893.77079964444
746,2207,194991.88410335183
747,2208,227828.06781271996
748,2209,230506.6527174925
749,2210,123637.45540296957
750,2211,112237.50513334159
751,2212,104891.43802145642
752,2213,103823.48662254862
753,2214,129694.00297350378
754,2215,111341.82103170523
755,2216,157810.192545087
756,2217,89895.0277995543
757,2218,77121.75430883451
758,2219,71844.46746856383
759,2220,69485.04941053998
760,2221,326451.25548460486
761,2222,291202.802563351
762,2223,303443.4399313585
763,2224,191250.8607926209
764,2225,130494.41932878736
765,2226,172205.9820186687
766,2227,197527.50776890214
767,2228,286091.2894413555
768,2229,240102.73431646152
769,2230,158486.51927129045
770,2231,236908.12820356264
771,2232,193443.25235145513
772,2233,195202.99000769318
773,2234,238747.14912272996
774,2235,271119.7300404621
775,2236,288622.5537397714
776,2237,372380.21646832046
777,2238,180881.93066355085
778,2239,120048.60148009886
779,2240,160182.3397198202
780,2241,159363.9792452783
781,2242,134114.7908465565
782,2243,137672.91073865595
783,2244,113313.56754676376
784,2245,121275.76128668882
785,2246,141163.6199934975
786,2247,103244.71564177434
787,2248,120763.46407434547
788,2249,125246.62727952456
789,2250,130624.55569166808
790,2251,140665.7645148994
791,2252,164731.18105803183
792,2253,146487.95253928445
793,2254,182305.9447748096
794,2255,188698.11233702392
795,2256,185578.8529293921
796,2257,210612.14508627003
797,2258,159501.97004592768
798,2259,177567.86360475156
799,2260,167400.39009567496
800,2261,194863.31378669196
801,2262,219879.72509591503
802,2263,350787.8239797183
803,2264,414347.65590109874
804,2265,169895.82013206824
805,2266,273306.26450639154
806,2267,398112.199869409
807,2268,391388.7031300985
808,2269,145977.1789517473
809,2270,186458.5441352687
810,2271,225580.3269936896
811,2272,201248.6191670678
812,2273,165513.22180440096
813,2274,175412.08605328377
814,2275,164509.15459191267
815,2276,179181.77630373265
816,2277,187706.0805686765
817,2278,136083.4761197668
818,2279,131264.37128666372
819,2280,119487.49411928987
820,2281,166726.51847068174
821,2282,181096.9644294593
822,2283,101231.75674055067
823,2284,112620.41671551298
824,2285,131438.72573363112
825,2286,119470.33222588185
826,2287,356400.6538924395
827,2288,277400.20647832856
828,2289,394601.90019205346
829,2290,452742.07856366044
830,2291,330084.22717896535
831,2292,411236.25356702297
832,2293,484987.19222949236
833,2294,444073.511341195
834,2295,453379.06794861966
835,2296,293999.864039929
836,2297,314159.6492540958
837,2298,311171.5352286116
838,2299,434591.5211784226
839,2300,321795.91379040666
840,2301,282876.0030195954
841,2302,255090.0506943591
842,2303,240758.3667634931
843,2304,216869.8429699141
844,2305,192507.4571865413
845,2306,199112.873916121
846,2307,196224.38497286098
847,2308,226650.6198127847
848,2309,262072.10832684394
849,2310,205254.72242691624
850,2311,206736.33469042828
851,2312,191315.0123581348
852,2313,179134.9105667853
853,2314,163586.48253039818
854,2315,183587.5932180093
855,2316,205244.05572763406
856,2317,181606.17713264856
857,2318,188235.8750773716
858,2319,179398.5066121405
859,2320,190052.37627554013
860,2321,236753.9123353119
861,2322,168359.61547343695
862,2323,179499.45139110414
863,2324,177256.1261088228
864,2325,204920.08403445274
865,2326,170176.56685989344
866,2327,207635.6590781034
867,2328,228211.63088498692
868,2329,190880.12749242483
869,2330,180544.48846965254
870,2331,394766.10567014315
871,2332,359876.9907516306
872,2333,317856.2611513803
873,2334,281153.1397015933
874,2335,262746.44669987605
875,2336,337372.0012672702
876,2337,203568.4618103687
877,2338,271248.77037798596
878,2339,221669.4400108551
879,2340,395183.75113269186
880,2341,209302.19399476342
881,2342,224013.60261588168
882,2343,219363.61933542902
883,2344,250224.84781114158
884,2345,234006.29865642224
885,2346,214995.3894366533
886,2347,196050.89666877326
887,2348,227466.55654231616
888,2349,196179.2139212662
889,2350,286252.75235506246
890,2351,245346.0337005712
891,2352,245057.33166666824
892,2353,300060.583350365
893,2354,134174.04562111656
894,2355,150577.9495318594
895,2356,166522.69861528891
896,2357,193802.552195254
897,2358,207453.59921913556
898,2359,134024.87773385597
899,2360,108608.66506625763
900,2361,135885.8059369375
901,2362,270696.4423337404
902,2363,135794.46653101506
903,2364,142697.1344664275
904,2365,206880.63147411696
905,2366,171878.9040282936
906,2367,195513.8314049449
907,2368,221461.887563163
908,2369,210023.31647446586
909,2370,173687.69558593415
910,2371,168415.4626415778
911,2372,180351.674275366
912,2373,273273.58185602084
913,2374,296144.48369405465
914,2375,249946.48147491645
915,2376,375515.47459795675
916,2377,420027.0548288012
917,2378,140258.78568202758
918,2379,199626.0116698987
919,2380,140979.96488373066
920,2381,163037.37055768084
921,2382,193638.1264630003
922,2383,200947.23588159628
923,2384,233867.54434637248
924,2385,157733.03850630103
925,2386,145526.74747543607
926,2387,138439.3965691224
927,2388,101878.07137873913
928,2389,133306.66500914397
929,2390,154963.78696411278
930,2391,143588.22988494864
931,2392,109212.45212435788
932,2393,163697.87465334559
933,2394,145080.33931599188
934,2395,187309.90863530568
935,2396,145545.20733089556
936,2397,206968.73101388087
937,2398,123942.96865172703
938,2399,62549.52725614572
939,2400,58814.26143716192
940,2401,99655.44653337356
941,2402,139627.07139167996
942,2403,140069.14389497196
943,2404,148950.35871631253
944,2405,158639.32675837298
945,2406,137935.95202463298
946,2407,127906.08355083196
947,2408,143459.20336499403
948,2409,141333.15446959503
949,2410,155103.93347351954
950,2411,119240.37835530164
951,2412,156179.5872354674
952,2413,136361.29049949034
953,2414,133220.215852815
954,2415,134015.49819621095
955,2416,123018.95563934288
956,2417,130245.97136674383
957,2418,125262.82374347583
958,2419,128193.62190268714
959,2420,124622.74160284825
960,2421,151121.2047079394
961,2422,115260.70936049755
962,2423,142120.85575734754
963,2424,145696.79594827024
964,2425,257220.8190221806
965,2426,134574.55850534607
966,2427,148464.5024867933
967,2428,152183.06063674644
968,2429,109119.94768543642
969,2430,118109.697963539
970,2431,105909.59878811655
971,2432,152570.01012391582
972,2433,154221.8107791813
973,2434,144045.35777395195
974,2435,150397.5504515569
975,2436,105258.63017246935
976,2437,100699.62595530562
977,2438,126268.38317199664
978,2439,131263.01723635924
979,2440,113196.61675350183
980,2441,105996.62305292912
981,2442,100134.15216645131
982,2443,120297.18379755158
983,2444,122276.27308271738
984,2445,85833.50748020377
985,2446,129395.3647268883
986,2447,173273.48043531948
987,2448,139334.609913423
988,2449,106236.93530931698
989,2450,133829.82933839835
990,2451,123940.0798300905
991,2452,177875.15031968552
992,2453,90219.58757815546
993,2454,127747.1889126165
994,2455,111644.85982432078
995,2456,124759.4486662115
996,2457,115335.71801684129
997,2458,117046.88170998618
998,2459,119759.1633196993
999,2460,121529.47059614162
1000,2461,109882.28931459537
1001,2462,126759.24654945392
1002,2463,123429.53394619866
1003,2464,163977.0045226491
1004,2465,125121.60883749001
1005,2466,112037.25671612978
1006,2467,130732.95692033098
1007,2468,91574.97928002189
1008,2469,84059.23616175634
1009,2470,186353.8737738712
1010,2471,189302.8852947412
1011,2472,162675.39381505304
1012,2473,115649.24972816014
1013,2474,110730.56184079978
1014,2475,183098.005644506
1015,2476,105934.74182169851
1016,2477,121621.27599374512
1017,2478,149614.7137831655
1018,2479,106859.65355420751
1019,2480,145706.17241802445
1020,2481,129305.41946929644
1021,2482,120942.27560410844
1022,2483,117818.61623180185
1023,2484,113976.85098132445
1024,2485,119196.21466882263
1025,2486,155373.40338735035
1026,2487,208633.2373559852
1027,2488,134313.31357529812
1028,2489,144774.17979821673
1029,2490,143754.01088453303
1030,2491,85939.29976117639
1031,2492,184001.06545915068
1032,2493,147444.93495921578
1033,2494,152066.18660457392
1034,2495,93045.40095454494
1035,2496,252845.96153471302
1036,2497,149338.8656163532
1037,2498,108276.48371666072
1038,2499,104204.98134433838
1039,2500,140616.50629400316
1040,2501,138493.32017608182
1041,2502,150290.6567830634
1042,2503,83381.88216918317
1043,2504,187881.16894917152
1044,2505,221690.0638079927
1045,2506,243330.04520057782
1046,2507,270346.288268241
1047,2508,243330.04520057782
1048,2509,231597.1584265574
1049,2510,217293.179486098
1050,2511,173282.07643840316
1051,2512,198774.37947159022
1052,2513,205046.1595551216
1053,2514,206499.87681273805
1054,2515,160374.81950920113
1055,2516,163869.45520896604
1056,2517,142491.38041383596
1057,2518,151505.74084264765
1058,2519,224195.40431844964
1059,2520,203458.25193296262
1060,2521,195729.93275371866
1061,2522,214002.3758864987
1062,2523,131855.4813507723
1063,2524,149375.38826155185
1064,2525,142292.94709232773
1065,2526,149767.20266269206
1066,2527,129042.91603933355
1067,2528,131984.6320308475
1068,2529,146367.7717200023
1069,2530,135132.03742980002
1070,2531,268560.7923406384
1071,2532,214481.90310887975
1072,2533,195153.19555937234
1073,2534,220022.6116390992
1074,2535,310194.41022097477
1075,2536,228982.43712589072
1076,2537,210264.55365678493
1077,2538,181352.03177848086
1078,2539,183256.94648144295
1079,2540,177416.97396819244
1080,2541,180622.7645955365
1081,2542,182412.9709889172
1082,2543,127737.13139283616
1083,2544,126242.68851643211
1084,2545,130965.51195229743
1085,2546,131826.78470703732
1086,2547,133408.7495516268
1087,2548,145801.86671546707
1088,2549,145565.9061340999
1089,2550,293677.32868850214
1090,2551,138010.70519894984
1091,2552,116898.48851742044
1092,2553,70252.17483169866
1093,2554,103217.46010959266
1094,2555,116348.91431421498
1095,2556,112100.61097313234
1096,2557,129806.35717458853
1097,2558,166911.32153781666
1098,2559,146408.57681042215
1099,2560,133183.7076407512
1100,2561,124808.4855066835
1101,2562,144224.5383530061
1102,2563,163238.39365167494
1103,2564,191173.3869671503
1104,2565,134902.50057489285
1105,2566,180133.1917989206
1106,2567,114760.54116066446
1107,2568,194515.3906120927
1108,2569,202238.88176913527
1109,2570,121006.9013384022
1110,2571,194293.14995530207
1111,2572,130799.46721087032
1112,2573,198579.3470994639
1113,2574,269250.7197463531
1114,2575,129061.764107841
1115,2576,133509.46939539755
1116,2577,171662.78264864368
1117,2578,80839.97993979817
1118,2579,75358.53589495458
1119,2580,119128.18036442286
1120,2581,129228.8916775913
1121,2582,129575.52724136866
1122,2583,274970.4586447958
1123,2584,155720.47225041955
1124,2585,209847.3124459768
1125,2586,201797.65015483095
1126,2587,177081.46260104122
1127,2588,115152.95754787461
1128,2589,133829.40812842004
1129,2590,227996.15332086396
1130,2591,273997.9641866107
1131,2592,216208.78675152664
1132,2593,257500.9959726318
1133,2594,174805.72663889686
1134,2595,205821.31068793032
1135,2596,345664.6413377003
1136,2597,209533.24866683304
1137,2598,299491.61130611005
1138,2599,305512.8445823269
1139,2600,169647.0498810054
1140,2601,137020.76630158006
1141,2602,91529.75832600791
1142,2603,107861.02395937915
1143,2604,98104.94153872436
1144,2605,86093.36642314798
1145,2606,148339.81855564038
1146,2607,183478.68455275334
1147,2608,186392.0580917329
1148,2609,154429.3703060733
1149,2610,109370.07812089844
1150,2611,136025.43460452085
1151,2612,146696.103921441
1152,2613,128701.01433132829
1153,2614,124671.69055603906
1154,2615,149696.43965105957
1155,2616,140478.6582376275
1156,2617,169151.69769153665
1157,2618,183946.23571418924
1158,2619,158933.74104453102
1159,2620,187541.06839152487
1160,2621,184923.91406617442
1161,2622,186619.76281084382
1162,2623,231690.11412074772
1163,2624,283608.6520570074
1164,2625,343028.23620422906
1165,2626,166050.87084247297
1166,2627,166609.70880505553
1167,2628,426663.57564270386
1168,2629,535415.9672025807
1169,2630,333725.247267233
1170,2631,454493.55261191295
1171,2632,398954.80987674
1172,2633,291571.1310201727
1173,2634,404320.1494590663
1174,2635,149915.4840457775
1175,2636,184723.44054950838
1176,2637,192717.69618059404
1177,2638,259018.51644342602
1178,2639,202787.0059913548
1179,2640,149106.75735674019
1180,2641,103460.75849921863
1181,2642,204723.3417706614
1182,2643,100532.68371061157
1183,2644,125632.68664546062
1184,2645,102027.09010072316
1185,2646,93676.46747456626
1186,2647,101298.77712422192
1187,2648,138704.753504433
1188,2649,142708.3880552152
1189,2650,124867.4491650957
1190,2651,137886.12497499541
1191,2652,425475.9175130261
1192,2653,244405.94698151655
1193,2654,281524.57328316744
1194,2655,387185.6623930746
1195,2656,298099.9630844237
1196,2657,338294.3729273831
1197,2658,289881.90267798025
1198,2659,322290.447869182
1199,2660,353045.6374010722
1200,2661,336296.84291560756
1201,2662,351878.6526867286
1202,2663,259477.6757247475
1203,2664,260878.292221407
1204,2665,301734.570007172
1205,2666,247914.3545865773
1206,2667,162122.11679480824
1207,2668,182128.47148602494
1208,2669,178419.4640357185
1209,2670,273605.546172021
1210,2671,184903.94974867193
1211,2672,183601.88729991004
1212,2673,199103.45177541408
1213,2674,199448.80583350253
1214,2675,168845.11878500253
1215,2676,183478.38495152598
1216,2677,200606.0407605335
1217,2678,253939.66892023393
1218,2679,258224.97247902874
1219,2680,285495.3421295209
1220,2681,404181.5594088616
1221,2682,340504.8623033387
1222,2683,525640.8776881179
1223,2684,310618.4491566746
1224,2685,342344.81132940325
1225,2686,234632.20221678592
1226,2687,314352.8994849384
1227,2688,209616.13832460996
1228,2689,201254.1248004242
1229,2690,483682.9689318131
1230,2691,201745.11854281632
1231,2692,144831.5668608891
1232,2693,180586.94256629082
1233,2694,141090.0770865197
1234,2695,191528.4946046658
1235,2696,180448.19707361906
1236,2697,196334.33229869782
1237,2698,204839.00111892133
1238,2699,183796.08594596674
1239,2700,174847.5257321866
1240,2701,152698.7106767545
1241,2702,115383.731821219
1242,2703,129167.42225177148
1243,2704,134737.0315696592
1244,2705,120536.62597207268
1245,2706,110318.57688049953
1246,2707,117462.74968391865
1247,2708,132191.9140180577
1248,2709,105447.96893769193
1249,2710,119676.11332356509
1250,2711,359600.2822540424
1251,2712,368986.6518137374
1252,2713,175775.51493995765
1253,2714,160217.3830657293
1254,2715,166282.58792698174
1255,2716,161006.33786443342
1256,2717,190684.5310151657
1257,2718,217418.31915916342
1258,2719,165734.07232451718
1259,2720,155059.1621974544
1260,2721,141399.8335251956
1261,2722,153267.726001826
1262,2723,143969.52051739942
1263,2724,125984.23840966077
1264,2725,138695.4975149847
1265,2726,145286.00226875677
1266,2727,177619.67410658704
1267,2728,161452.72284297747
1268,2729,145851.19079261876
1269,2730,140979.278201844
1270,2731,114340.21627571178
1271,2732,136568.02321828136
1272,2733,157099.7185255317
1273,2734,151536.89106915347
1274,2735,138583.57282688265
1275,2736,138467.037837257
1276,2737,120144.965953099
1277,2738,135390.9113582724
1278,2739,161071.71603516306
1279,2740,133492.48238725288
1280,2741,160658.82073487356
1281,2742,150839.7178184794
1282,2743,148554.97113226439
1283,2744,154940.2012259392
1284,2745,139047.13901520346
1285,2746,144838.9812331569
1286,2747,151312.96968452973
1287,2748,116792.75280202545
1288,2749,131538.01541739656
1289,2750,135105.45950661117
1290,2751,131824.3715950001
1291,2752,203284.96265971533
1292,2753,146372.63934547207
1293,2754,234131.04418673716
1294,2755,114536.95584710957
1295,2756,106585.77647673976
1296,2757,80323.2601832908
1297,2758,83317.28736856923
1298,2759,148157.90161420713
1299,2760,131477.55190468635
1300,2761,141028.12866672795
1301,2762,143770.69687090043
1302,2763,160621.8744008117
1303,2764,145647.87554537648
1304,2765,242469.0237070557
1305,2766,138962.39217402178
1306,2767,89197.86300854785
1307,2768,122735.47767582675
1308,2769,149225.24220963215
1309,2770,127909.96323461233
1310,2771,106598.00280194457
1311,2772,118194.2081024308
1312,2773,183058.91702229995
1313,2774,141146.2559859382
1314,2775,125653.84345244688
1315,2776,136357.96430825218
1316,2777,133312.3620647331
1317,2778,92393.07234392906
1318,2779,137801.25539249994
1319,2780,85657.77632407856
1320,2781,90928.54766715357
1321,2782,106755.26091555376
1322,2783,93431.53738688155
1323,2784,122751.71061195359
1324,2785,145434.54721794114
1325,2786,83979.22529036159
1326,2787,110082.06167350266
1327,2788,87799.81274719404
1328,2789,164086.5863907793
1329,2790,89478.45580989691
1330,2791,113400.0875518122
1331,2792,64485.69945101069
1332,2793,156089.60994862564
1333,2794,121173.89421413498
1334,2795,113498.13111215558
1335,2796,95420.85015628544
1336,2797,197590.91928671557
1337,2798,102454.0451318705
1338,2799,98305.91155431248
1339,2800,94692.71792366734
1340,2801,111787.05369370819
1341,2802,135975.6208046367
1342,2803,155100.78637181962
1343,2804,136881.1137075136
1344,2805,102958.48254638245
1345,2806,88294.74337508089
1346,2807,135865.30406437538
1347,2808,150743.97816796534
1348,2809,125239.85480527002
1349,2810,135793.7685909281
1350,2811,153525.86617305496
1351,2812,143863.4725796668
1352,2813,152514.3169100542
1353,2814,156905.108543198
1354,2815,103934.79657855476
1355,2816,213319.99455163768
1356,2817,144668.2934683492
1357,2818,123796.51798627288
1358,2819,185950.17131031488
1359,2820,145965.47967638058
1360,2821,118174.66503795226
1361,2822,185518.8736432601
1362,2823,279692.1943328592
1363,2824,174567.81376638057
1364,2825,163209.72561702618
1365,2826,137723.02759130066
1366,2827,134629.5074770832
1367,2828,262198.954003705
1368,2829,206854.42319327997
1369,2830,223069.29453256982
1370,2831,178653.55067250083
1371,2832,279656.20938446885
1372,2833,295243.42390884063
1373,2834,208555.1428036719
1374,2835,215652.44105672237
1375,2836,186188.47622369856
1376,2837,147894.543614734
1377,2838,150841.37638612412
1378,2839,181841.94211194967
1379,2840,187772.12174849273
1380,2841,203837.35924685793
1381,2842,209827.67038508062
1382,2843,145066.4167375256
1383,2844,145779.18064828854
1384,2845,118517.86736683547
1385,2846,204599.7860189429
1386,2847,200652.4982347341
1387,2848,192022.17930531918
1388,2849,202789.0333989738
1389,2850,269345.14339650306
1390,2851,225604.95528395072
1391,2852,216293.20707171454
1392,2853,236235.71481955564
1393,2854,146011.56572815933
1394,2855,198177.1887986628
1395,2856,199433.43895403692
1396,2857,183831.9844312401
1397,2858,195690.19311343663
1398,2859,120212.65637950691
1399,2860,126786.493973681
1400,2861,135000.8690095856
1401,2862,181167.13486073507
1402,2863,128587.24410622237
1403,2864,239108.02984610072
1404,2865,134114.50413369582
1405,2866,141281.2377954525
1406,2867,104285.43089937507
1407,2868,83173.32838114326
1408,2869,107980.7692882039
1409,2870,139692.12254861798
1410,2871,113663.82023412728
1411,2872,63168.68978837939
1412,2873,111176.90018334366
1413,2874,135491.71408662992
1414,2875,105779.32867788801
1415,2876,144940.30160442996
1416,2877,134351.87067611644
1417,2878,172823.95949268076
1418,2879,138864.15329087243
1419,2880,92980.25623783642
1420,2881,145960.37301564342
1421,2882,179804.18044491595
1422,2883,177948.9278480827
1423,2884,188714.71703208674
1424,2885,183395.61499516192
1425,2886,219455.94021116276
1426,2887,102276.94086564692
1427,2888,126071.57972683535
1428,2889,67938.29727318286
1429,2890,87600.37389412643
1430,2891,140352.2184263107
1431,2892,46566.752604241105
1432,2893,76897.02573552246
1433,2894,56636.71043218856
1434,2895,291314.04823038325
1435,2896,277955.97343071044
1436,2897,189300.3089369307
1437,2898,143846.73287551556
1438,2899,212176.16203081768
1439,2900,155347.99016097502
1440,2901,211732.13932374536
1441,2902,215478.52779942594
1442,2903,366692.9653486259
1443,2904,340988.7608960739
1444,2905,99938.95437725844
1445,2906,181432.64480439824
1446,2907,120110.37966040442
1447,2908,127891.81263529688
1448,2909,142458.47054532907
1449,2910,84827.87491215738
1450,2911,91529.75832600791
1451,2912,146550.75314926682
1452,2913,93046.61550520035
1453,2914,88733.39857207387
1454,2915,92832.25575289495
1455,2916,90071.19256729292
1456,2917,156406.18993453542
1457,2918,122424.03024019439
1458,2919,189029.42326722582
